0.847 0.123 0.456 0.789 0.234 0.567 0.890 0.345 0.678 0.901
0.234 0.567 0.890 0.123 0.456 0.789 0.012 0.345 0.678 0.901
0.678 0.901 0.234 0.567 0.890 0.123 0.456 0.789 0.012 0.345
0.012 0.345 0.678 0.901 0.234 0.567 0.890 0.123 0.456 0.789
0.456 0.789 0.012 0.345 0.678 0.901 0.234 0.567 0.890 0.123
0.890 0.123 0.456 0.789 0.012 0.345 0.678 0.901 0.234 0.567
0.234 0.567 0.890 0.123 0.456 0.789 0.012 0.345 0.678 0.901
0.678 0.901 0.234 0.567 0.890 0.123 0.456 0.789 0.012 0.345
0.012 0.345 0.678 0.901 0.234 0.567 0.890 0.123 0.456 0.789
0.456 0.789 0.012 0.345 0.678 0.901 0.234 0.567 0.890 0.123
0.567 0.234 0.901 0.678 0.345 0.012 0.789 0.456 0.123 0.890
0.901 0.678 0.345 0.012 0.789 0.456 0.123 0.890 0.567 0.234
0.345 0.012 0.789 0.456 0.123 0.890 0.567 0.234 0.901 0.678
0.789 0.456 0.123 0.890 0.567 0.234 0.901 0.678 0.345 0.012
0.123 0.890 0.567 0.234 0.901 0.678 0.345 0.012 0.789 0.456
0.567 0.234 0.901 0.678 0.345 0.012 0.789 0.456 0.123 0.890
0.901 0.678 0.345 0.012 0.789 0.456 0.123 0.890 0.567 0.234
0.345 0.012 0.789 0.456 0.123 0.890 0.567 0.234 0.901 0.678
0.789 0.456 0.123 0.890 0.567 0.234 0.901 0.678 0.345 0.012
0.123 0.890 0.567 0.234 0.901 0.678 0.345 0.012 0.789 0.456
